379
11
369
1 2 1.000000
1 22 1.000000
1 23 1.414214
2 1 1.000000
2 3 1.000000
2 22 1.414214
2 23 1.000000
2 24 1.414214
3 2 1.000000
3 4 1.000000
3 23 1.414214
3 24 1.000000
3 25 1.414214
4 3 1.000000
4 5 1.000000
4 24 1.414214
4 25 1.000000
4 26 1.414214
5 4 1.000000
5 6 1.000000
5 25 1.414214
5 26 1.000000
5 27 1.414214
6 5 1.000000
6 7 1.000000
6 26 1.414214
6 27 1.000000
6 28 1.414214
7 6 1.000000
7 8 1.000000
7 27 1.414214
7 28 1.000000
7 29 1.414214
8 7 1.000000
8 9 1.000000
8 28 1.414214
8 29 1.000000
8 30 1.414214
9 8 1.000000
9 10 1.000000
9 29 1.414214
9 30 1.000000
9 31 1.414214
10 9 1.000000
10 11 1.000000
10 30 1.414214
10 31 1.000000
10 32 1.414214
11 10 1.000000
11 12 1.000000
11 31 1.414214
11 32 1.000000
11 33 1.414214
12 11 1.000000
12 13 1.000000
12 32 1.414214
12 33 1.000000
12 34 1.414214
13 12 1.000000
13 14 1.000000
13 33 1.414214
13 34 1.000000
13 35 1.414214
14 13 1.000000
14 15 1.000000
14 34 1.414214
14 35 1.000000
14 36 1.414214
15 14 1.000000
15 16 1.000000
15 35 1.414214
15 36 1.000000
15 37 1.414214
16 15 1.000000
16 17 1.000000
16 36 1.414214
16 37 1.000000
16 38 1.414214
17 16 1.000000
17 18 1.000000
17 37 1.414214
17 38 1.000000
17 39 1.414214
18 17 1.000000
18 19 1.000000
18 38 1.414214
18 39 1.000000
18 40 1.414214
19 18 1.000000
19 20 1.000000
19 39 1.414214
19 40 1.000000
19 41 1.414214
20 19 1.000000
20 21 1.000000
20 40 1.414214
20 41 1.000000
20 42 1.414214
21 20 1.000000
21 41 1.414214
21 42 1.000000
22 1 1.000000
22 2 1.414214
22 23 1.000000
22 43 1.000000
22 44 1.414214
23 1 1.414214
23 2 1.000000
23 3 1.414214
23 22 1.000000
23 24 1.000000
23 43 1.414214
23 44 1.000000
23 45 1.414214
24 2 1.414214
24 3 1.000000
24 4 1.414214
24 23 1.000000
24 25 1.000000
24 44 1.414214
24 45 1.000000
24 46 1.414214
25 3 1.414214
25 4 1.000000
25 5 1.414214
25 24 1.000000
25 26 1.000000
25 45 1.414214
25 46 1.000000
25 47 1.414214
26 4 1.414214
26 5 1.000000
26 6 1.414214
26 25 1.000000
26 27 1.000000
26 46 1.414214
26 47 1.000000
26 48 1.414214
27 5 1.414214
27 6 1.000000
27 7 1.414214
27 26 1.000000
27 28 1.000000
27 47 1.414214
27 48 1.000000
27 49 1.414214
28 6 1.414214
28 7 1.000000
28 8 1.414214
28 27 1.000000
28 29 1.000000
28 48 1.414214
28 49 1.000000
28 50 1.414214
29 7 1.414214
29 8 1.000000
29 9 1.414214
29 28 1.000000
29 30 1.000000
29 49 1.414214
29 50 1.000000
29 51 1.414214
30 8 1.414214
30 9 1.000000
30 10 1.414214
30 29 1.000000
30 31 1.000000
30 50 1.414214
30 51 1.000000
30 52 1.414214
31 9 1.414214
31 10 1.000000
31 11 1.414214
31 30 1.000000
31 32 1.000000
31 51 1.414214
31 52 1.000000
31 53 1.414214
32 10 1.414214
32 11 1.000000
32 12 1.414214
32 31 1.000000
32 33 1.000000
32 52 1.414214
32 53 1.000000
32 54 1.414214
33 11 1.414214
33 12 1.000000
33 13 1.414214
33 32 1.000000
33 34 1.000000
33 53 1.414214
33 54 1.000000
33 55 1.414214
34 12 1.414214
34 13 1.000000
34 14 1.414214
34 33 1.000000
34 35 1.000000
34 54 1.414214
34 55 1.000000
34 56 1.414214
35 13 1.414214
35 14 1.000000
35 15 1.414214
35 34 1.000000
35 36 1.000000
35 55 1.414214
35 56 1.000000
35 57 1.414214
36 14 1.414214
36 15 1.000000
36 16 1.414214
36 35 1.000000
36 37 1.000000
36 56 1.414214
36 57 1.000000
36 58 1.414214
37 15 1.414214
37 16 1.000000
37 17 1.414214
37 36 1.000000
37 38 1.000000
37 57 1.414214
37 58 1.000000
37 59 1.414214
38 16 1.414214
38 17 1.000000
38 18 1.414214
38 37 1.000000
38 39 1.000000
38 58 1.414214
38 59 1.000000
38 60 1.414214
39 17 1.414214
39 18 1.000000
39 19 1.414214
39 38 1.000000
39 40 1.000000
39 59 1.414214
39 60 1.000000
39 61 1.414214
40 18 1.414214
40 19 1.000000
40 20 1.414214
40 39 1.000000
40 41 1.000000
40 60 1.414214
40 61 1.000000
40 62 1.414214
41 19 1.414214
41 20 1.000000
41 21 1.414214
41 40 1.000000
41 42 1.000000
41 61 1.414214
41 62 1.000000
41 63 1.414214
42 20 1.414214
42 21 1.000000
42 41 1.000000
42 62 1.414214
42 63 1.000000
43 22 1.000000
43 23 1.414214
43 44 1.000000
43 64 1.000000
43 65 1.414214
44 22 1.414214
44 23 1.000000
44 24 1.414214
44 43 1.000000
44 45 1.000000
44 64 1.414214
44 65 1.000000
44 66 1.414214
45 23 1.414214
45 24 1.000000
45 25 1.414214
45 44 1.000000
45 46 1.000000
45 65 1.414214
45 66 1.000000
45 67 1.414214
46 24 1.414214
46 25 1.000000
46 26 1.414214
46 45 1.000000
46 47 1.000000
46 66 1.414214
46 67 1.000000
46 68 1.414214
47 25 1.414214
47 26 1.000000
47 27 1.414214
47 46 1.000000
47 48 1.000000
47 67 1.414214
47 68 1.000000
47 69 1.414214
48 26 1.414214
48 27 1.000000
48 28 1.414214
48 47 1.000000
48 49 1.000000
48 68 1.414214
48 69 1.000000
48 70 1.414214
49 27 1.414214
49 28 1.000000
49 29 1.414214
49 48 1.000000
49 50 1.000000
49 69 1.414214
49 70 1.000000
49 71 1.414214
50 28 1.414214
50 29 1.000000
50 30 1.414214
50 49 1.000000
50 51 1.000000
50 70 1.414214
50 71 1.000000
50 72 1.414214
51 29 1.414214
51 30 1.000000
51 31 1.414214
51 50 1.000000
51 52 1.000000
51 71 1.414214
51 72 1.000000
51 73 1.414214
52 30 1.414214
52 31 1.000000
52 32 1.414214
52 51 1.000000
52 53 1.000000
52 72 1.414214
52 73 1.000000
52 74 1.414214
53 31 1.414214
53 32 1.000000
53 33 1.414214
53 52 1.000000
53 54 1.000000
53 73 1.414214
53 74 1.000000
53 75 1.414214
54 32 1.414214
54 33 1.000000
54 34 1.414214
54 53 1.000000
54 55 1.000000
54 74 1.414214
54 75 1.000000
54 76 1.414214
55 33 1.414214
55 34 1.000000
55 35 1.414214
55 54 1.000000
55 56 1.000000
55 75 1.414214
55 76 1.000000
55 77 1.414214
56 34 1.414214
56 35 1.000000
56 36 1.414214
56 55 1.000000
56 57 1.000000
56 76 1.414214
56 77 1.000000
56 78 1.414214
57 35 1.414214
57 36 1.000000
57 37 1.414214
57 56 1.000000
57 58 1.000000
57 77 1.414214
57 78 1.000000
58 36 1.414214
58 37 1.000000
58 38 1.414214
58 57 1.000000
58 59 1.000000
58 78 1.414214
59 37 1.414214
59 38 1.000000
59 39 1.414214
59 58 1.000000
59 60 1.000000
59 79 1.414214
60 38 1.414214
60 39 1.000000
60 40 1.414214
60 59 1.000000
60 61 1.000000
60 79 1.000000
60 80 1.414214
61 39 1.414214
61 40 1.000000
61 41 1.414214
61 60 1.000000
61 62 1.000000
61 79 1.414214
61 80 1.000000
61 81 1.414214
62 40 1.414214
62 41 1.000000
62 42 1.414214
62 61 1.000000
62 63 1.000000
62 80 1.414214
62 81 1.000000
62 82 1.414214
63 41 1.414214
63 42 1.000000
63 62 1.000000
63 81 1.414214
63 82 1.000000
64 43 1.000000
64 44 1.414214
64 65 1.000000
64 83 1.000000
64 84 1.414214
65 43 1.414214
65 44 1.000000
65 45 1.414214
65 64 1.000000
65 66 1.000000
65 83 1.414214
65 84 1.000000
65 85 1.414214
66 44 1.414214
66 45 1.000000
66 46 1.414214
66 65 1.000000
66 67 1.000000
66 84 1.414214
66 85 1.000000
66 86 1.414214
67 45 1.414214
67 46 1.000000
67 47 1.414214
67 66 1.000000
67 68 1.000000
67 85 1.414214
67 86 1.000000
67 87 1.414214
68 46 1.414214
68 47 1.000000
68 48 1.414214
68 67 1.000000
68 69 1.000000
68 86 1.414214
68 87 1.000000
68 88 1.414214
69 47 1.414214
69 48 1.000000
69 49 1.414214
69 68 1.000000
69 70 1.000000
69 87 1.414214
69 88 1.000000
69 89 1.414214
70 48 1.414214
70 49 1.000000
70 50 1.414214
70 69 1.000000
70 71 1.000000
70 88 1.414214
70 89 1.000000
70 90 1.414214
71 49 1.414214
71 50 1.000000
71 51 1.414214
71 70 1.000000
71 72 1.000000
71 89 1.414214
71 90 1.000000
71 91 1.414214
72 50 1.414214
72 51 1.000000
72 52 1.414214
72 71 1.000000
72 73 1.000000
72 90 1.414214
72 91 1.000000
72 92 1.414214
73 51 1.414214
73 52 1.000000
73 53 1.414214
73 72 1.000000
73 74 1.000000
73 91 1.414214
73 92 1.000000
73 93 1.414214
74 52 1.414214
74 53 1.000000
74 54 1.414214
74 73 1.000000
74 75 1.000000
74 92 1.414214
74 93 1.000000
74 94 1.414214
75 53 1.414214
75 54 1.000000
75 55 1.414214
75 74 1.000000
75 76 1.000000
75 93 1.414214
75 94 1.000000
75 95 1.414214
76 54 1.414214
76 55 1.000000
76 56 1.414214
76 75 1.000000
76 77 1.000000
76 94 1.414214
76 95 1.000000
76 96 1.414214
77 55 1.414214
77 56 1.000000
77 57 1.414214
77 76 1.000000
77 78 1.000000
77 95 1.414214
77 96 1.000000
77 97 1.414214
78 56 1.414214
78 57 1.000000
78 58 1.414214
78 77 1.000000
78 96 1.414214
78 97 1.000000
79 59 1.414214
79 60 1.000000
79 61 1.414214
79 80 1.000000
79 98 1.000000
79 99 1.414214
80 60 1.414214
80 61 1.000000
80 62 1.414214
80 79 1.000000
80 81 1.000000
80 98 1.414214
80 99 1.000000
80 100 1.414214
81 61 1.414214
81 62 1.000000
81 63 1.414214
81 80 1.000000
81 82 1.000000
81 99 1.414214
81 100 1.000000
81 101 1.414214
82 62 1.414214
82 63 1.000000
82 81 1.000000
82 100 1.414214
82 101 1.000000
83 64 1.000000
83 65 1.414214
83 84 1.000000
83 102 1.000000
83 103 1.414214
84 64 1.414214
84 65 1.000000
84 66 1.414214
84 83 1.000000
84 85 1.000000
84 102 1.414214
84 103 1.000000
84 104 1.414214
85 65 1.414214
85 66 1.000000
85 67 1.414214
85 84 1.000000
85 86 1.000000
85 103 1.414214
85 104 1.000000
85 105 1.414214
86 66 1.414214
86 67 1.000000
86 68 1.414214
86 85 1.000000
86 87 1.000000
86 104 1.414214
86 105 1.000000
86 106 1.414214
87 67 1.414214
87 68 1.000000
87 69 1.414214
87 86 1.000000
87 88 1.000000
87 105 1.414214
87 106 1.000000
87 107 1.414214
88 68 1.414214
88 69 1.000000
88 70 1.414214
88 87 1.000000
88 89 1.000000
88 106 1.414214
88 107 1.000000
88 108 1.414214
89 69 1.414214
89 70 1.000000
89 71 1.414214
89 88 1.000000
89 90 1.000000
89 107 1.414214
89 108 1.000000
89 109 1.414214
90 70 1.414214
90 71 1.000000
90 72 1.414214
90 89 1.000000
90 91 1.000000
90 108 1.414214
90 109 1.000000
90 110 1.414214
91 71 1.414214
91 72 1.000000
91 73 1.414214
91 90 1.000000
91 92 1.000000
91 109 1.414214
91 110 1.000000
91 111 1.414214
92 72 1.414214
92 73 1.000000
92 74 1.414214
92 91 1.000000
92 93 1.000000
92 110 1.414214
92 111 1.000000
92 112 1.414214
93 73 1.414214
93 74 1.000000
93 75 1.414214
93 92 1.000000
93 94 1.000000
93 111 1.414214
93 112 1.000000
93 113 1.414214
94 74 1.414214
94 75 1.000000
94 76 1.414214
94 93 1.000000
94 95 1.000000
94 112 1.414214
94 113 1.000000
94 114 1.414214
95 75 1.414214
95 76 1.000000
95 77 1.414214
95 94 1.000000
95 96 1.000000
95 113 1.414214
95 114 1.000000
95 115 1.414214
96 76 1.414214
96 77 1.000000
96 78 1.414214
96 95 1.000000
96 97 1.000000
96 114 1.414214
96 115 1.000000
96 116 1.414214
97 77 1.414214
97 78 1.000000
97 96 1.000000
97 115 1.414214
97 116 1.000000
98 79 1.000000
98 80 1.414214
98 99 1.000000
98 117 1.000000
98 118 1.414214
99 79 1.414214
99 80 1.000000
99 81 1.414214
99 98 1.000000
99 100 1.000000
99 117 1.414214
99 118 1.000000
99 119 1.414214
100 80 1.414214
100 81 1.000000
100 82 1.414214
100 99 1.000000
100 101 1.000000
100 118 1.414214
100 119 1.000000
100 120 1.414214
101 81 1.414214
101 82 1.000000
101 100 1.000000
101 119 1.414214
101 120 1.000000
102 83 1.000000
102 84 1.414214
102 103 1.000000
102 121 1.000000
102 122 1.414214
103 83 1.414214
103 84 1.000000
103 85 1.414214
103 102 1.000000
103 104 1.000000
103 121 1.414214
103 122 1.000000
103 123 1.414214
104 84 1.414214
104 85 1.000000
104 86 1.414214
104 103 1.000000
104 105 1.000000
104 122 1.414214
104 123 1.000000
104 124 1.414214
105 85 1.414214
105 86 1.000000
105 87 1.414214
105 104 1.000000
105 106 1.000000
105 123 1.414214
105 124 1.000000
105 125 1.414214
106 86 1.414214
106 87 1.000000
106 88 1.414214
106 105 1.000000
106 107 1.000000
106 124 1.414214
106 125 1.000000
107 87 1.414214
107 88 1.000000
107 89 1.414214
107 106 1.000000
107 108 1.000000
107 125 1.414214
108 88 1.414214
108 89 1.000000
108 90 1.414214
108 107 1.000000
108 109 1.000000
109 89 1.414214
109 90 1.000000
109 91 1.414214
109 108 1.000000
109 110 1.000000
110 90 1.414214
110 91 1.000000
110 92 1.414214
110 109 1.000000
110 111 1.000000
111 91 1.414214
111 92 1.000000
111 93 1.414214
111 110 1.000000
111 112 1.000000
112 92 1.414214
112 93 1.000000
112 94 1.414214
112 111 1.000000
112 113 1.000000
113 93 1.414214
113 94 1.000000
113 95 1.414214
113 112 1.000000
113 114 1.000000
114 94 1.414214
114 95 1.000000
114 96 1.414214
114 113 1.000000
114 115 1.000000
115 95 1.414214
115 96 1.000000
115 97 1.414214
115 114 1.000000
115 116 1.000000
116 96 1.414214
116 97 1.000000
116 115 1.000000
117 98 1.000000
117 99 1.414214
117 118 1.000000
117 126 1.000000
117 127 1.414214
118 98 1.414214
118 99 1.000000
118 100 1.414214
118 117 1.000000
118 119 1.000000
118 126 1.414214
118 127 1.000000
118 128 1.414214
119 99 1.414214
119 100 1.000000
119 101 1.414214
119 118 1.000000
119 120 1.000000
119 127 1.414214
119 128 1.000000
119 129 1.414214
120 100 1.414214
120 101 1.000000
120 119 1.000000
120 128 1.414214
120 129 1.000000
121 102 1.000000
121 103 1.414214
121 122 1.000000
121 130 1.000000
121 131 1.414214
122 102 1.414214
122 103 1.000000
122 104 1.414214
122 121 1.000000
122 123 1.000000
122 130 1.414214
122 131 1.000000
122 132 1.414214
123 103 1.414214
123 104 1.000000
123 105 1.414214
123 122 1.000000
123 124 1.000000
123 131 1.414214
123 132 1.000000
123 133 1.414214
124 104 1.414214
124 105 1.000000
124 106 1.414214
124 123 1.000000
124 125 1.000000
124 132 1.414214
124 133 1.000000
124 134 1.414214
125 105 1.414214
125 106 1.000000
125 107 1.414214
125 124 1.000000
125 133 1.414214
125 134 1.000000
126 117 1.000000
126 118 1.414214
126 127 1.000000
126 135 1.000000
126 136 1.414214
127 117 1.414214
127 118 1.000000
127 119 1.414214
127 126 1.000000
127 128 1.000000
127 135 1.414214
127 136 1.000000
127 137 1.414214
128 118 1.414214
128 119 1.000000
128 120 1.414214
128 127 1.000000
128 129 1.000000
128 136 1.414214
128 137 1.000000
128 138 1.414214
129 119 1.414214
129 120 1.000000
129 128 1.000000
129 137 1.414214
129 138 1.000000
130 121 1.000000
130 122 1.414214
130 131 1.000000
130 139 1.000000
130 140 1.414214
131 121 1.414214
131 122 1.000000
131 123 1.414214
131 130 1.000000
131 132 1.000000
131 139 1.414214
131 140 1.000000
131 141 1.414214
132 122 1.414214
132 123 1.000000
132 124 1.414214
132 131 1.000000
132 133 1.000000
132 140 1.414214
132 141 1.000000
132 142 1.414214
133 123 1.414214
133 124 1.000000
133 125 1.414214
133 132 1.000000
133 134 1.000000
133 141 1.414214
133 142 1.000000
133 143 1.414214
134 124 1.414214
134 125 1.000000
134 133 1.000000
134 142 1.414214
134 143 1.000000
134 144 1.414214
135 126 1.000000
135 127 1.414214
135 136 1.000000
135 155 1.414214
135 156 1.000000
135 157 1.414214
136 126 1.414214
136 127 1.000000
136 128 1.414214
136 135 1.000000
136 137 1.000000
136 156 1.414214
136 157 1.000000
136 158 1.414214
137 127 1.414214
137 128 1.000000
137 129 1.414214
137 136 1.000000
137 138 1.000000
137 157 1.414214
137 158 1.000000
137 159 1.414214
138 128 1.414214
138 129 1.000000
138 137 1.000000
138 158 1.414214
138 159 1.000000
139 130 1.000000
139 131 1.414214
139 140 1.000000
139 160 1.000000
139 161 1.414214
140 130 1.414214
140 131 1.000000
140 132 1.414214
140 139 1.000000
140 141 1.000000
140 160 1.414214
140 161 1.000000
140 162 1.414214
141 131 1.414214
141 132 1.000000
141 133 1.414214
141 140 1.000000
141 142 1.000000
141 161 1.414214
141 162 1.000000
141 163 1.414214
142 132 1.414214
142 133 1.000000
142 134 1.414214
142 141 1.000000
142 143 1.000000
142 162 1.414214
142 163 1.000000
142 164 1.414214
143 133 1.414214
143 134 1.000000
143 142 1.000000
143 144 1.000000
143 163 1.414214
143 164 1.000000
143 165 1.414214
144 134 1.414214
144 143 1.000000
144 145 1.000000
144 164 1.414214
144 165 1.000000
144 166 1.414214
145 144 1.000000
145 146 1.000000
145 165 1.414214
145 166 1.000000
145 167 1.414214
146 145 1.000000
146 147 1.000000
146 166 1.414214
146 167 1.000000
146 168 1.414214
147 146 1.000000
147 148 1.000000
147 167 1.414214
147 168 1.000000
147 169 1.414214
148 147 1.000000
148 149 1.000000
148 168 1.414214
148 169 1.000000
148 170 1.414214
149 148 1.000000
149 150 1.000000
149 169 1.414214
149 170 1.000000
149 171 1.414214
150 149 1.000000
150 151 1.000000
150 170 1.414214
150 171 1.000000
150 172 1.414214
151 150 1.000000
151 152 1.000000
151 171 1.414214
151 172 1.000000
151 173 1.414214
152 151 1.000000
152 153 1.000000
152 172 1.414214
152 173 1.000000
152 174 1.414214
153 152 1.000000
153 154 1.000000
153 173 1.414214
153 174 1.000000
153 175 1.414214
154 153 1.000000
154 155 1.000000
154 174 1.414214
154 175 1.000000
154 176 1.414214
155 135 1.414214
155 154 1.000000
155 156 1.000000
155 175 1.414214
155 176 1.000000
155 177 1.414214
156 135 1.000000
156 136 1.414214
156 155 1.000000
156 157 1.000000
156 176 1.414214
156 177 1.000000
156 178 1.414214
157 135 1.414214
157 136 1.000000
157 137 1.414214
157 156 1.000000
157 158 1.000000
157 177 1.414214
157 178 1.000000
157 179 1.414214
158 136 1.414214
158 137 1.000000
158 138 1.414214
158 157 1.000000
158 159 1.000000
158 178 1.414214
158 179 1.000000
158 180 1.414214
159 137 1.414214
159 138 1.000000
159 158 1.000000
159 179 1.414214
159 180 1.000000
160 139 1.000000
160 140 1.414214
160 161 1.000000
160 181 1.000000
160 182 1.414214
161 139 1.414214
161 140 1.000000
161 141 1.414214
161 160 1.000000
161 162 1.000000
161 181 1.414214
161 182 1.000000
161 183 1.414214
162 140 1.414214
162 141 1.000000
162 142 1.414214
162 161 1.000000
162 163 1.000000
162 182 1.414214
162 183 1.000000
162 184 1.414214
163 141 1.414214
163 142 1.000000
163 143 1.414214
163 162 1.000000
163 164 1.000000
163 183 1.414214
163 184 1.000000
163 185 1.414214
164 142 1.414214
164 143 1.000000
164 144 1.414214
164 163 1.000000
164 165 1.000000
164 184 1.414214
164 185 1.000000
164 186 1.414214
165 143 1.414214
165 144 1.000000
165 145 1.414214
165 164 1.000000
165 166 1.000000
165 185 1.414214
165 186 1.000000
165 187 1.414214
166 144 1.414214
166 145 1.000000
166 146 1.414214
166 165 1.000000
166 167 1.000000
166 186 1.414214
166 187 1.000000
166 188 1.414214
167 145 1.414214
167 146 1.000000
167 147 1.414214
167 166 1.000000
167 168 1.000000
167 187 1.414214
167 188 1.000000
167 189 1.414214
168 146 1.414214
168 147 1.000000
168 148 1.414214
168 167 1.000000
168 169 1.000000
168 188 1.414214
168 189 1.000000
168 190 1.414214
169 147 1.414214
169 148 1.000000
169 149 1.414214
169 168 1.000000
169 170 1.000000
169 189 1.414214
169 190 1.000000
169 191 1.414214
170 148 1.414214
170 149 1.000000
170 150 1.414214
170 169 1.000000
170 171 1.000000
170 190 1.414214
170 191 1.000000
170 192 1.414214
171 149 1.414214
171 150 1.000000
171 151 1.414214
171 170 1.000000
171 172 1.000000
171 191 1.414214
171 192 1.000000
171 193 1.414214
172 150 1.414214
172 151 1.000000
172 152 1.414214
172 171 1.000000
172 173 1.000000
172 192 1.414214
172 193 1.000000
172 194 1.414214
173 151 1.414214
173 152 1.000000
173 153 1.414214
173 172 1.000000
173 174 1.000000
173 193 1.414214
173 194 1.000000
173 195 1.414214
174 152 1.414214
174 153 1.000000
174 154 1.414214
174 173 1.000000
174 175 1.000000
174 194 1.414214
174 195 1.000000
174 196 1.414214
175 153 1.414214
175 154 1.000000
175 155 1.414214
175 174 1.000000
175 176 1.000000
175 195 1.414214
175 196 1.000000
175 197 1.414214
176 154 1.414214
176 155 1.000000
176 156 1.414214
176 175 1.000000
176 177 1.000000
176 196 1.414214
176 197 1.000000
176 198 1.414214
177 155 1.414214
177 156 1.000000
177 157 1.414214
177 176 1.000000
177 178 1.000000
177 197 1.414214
177 198 1.000000
177 199 1.414214
178 156 1.414214
178 157 1.000000
178 158 1.414214
178 177 1.000000
178 179 1.000000
178 198 1.414214
178 199 1.000000
178 200 1.414214
179 157 1.414214
179 158 1.000000
179 159 1.414214
179 178 1.000000
179 180 1.000000
179 199 1.414214
179 200 1.000000
179 201 1.414214
180 158 1.414214
180 159 1.000000
180 179 1.000000
180 200 1.414214
180 201 1.000000
181 160 1.000000
181 161 1.414214
181 182 1.000000
181 202 1.000000
181 203 1.414214
182 160 1.414214
182 161 1.000000
182 162 1.414214
182 181 1.000000
182 183 1.000000
182 202 1.414214
182 203 1.000000
182 204 1.414214
183 161 1.414214
183 162 1.000000
183 163 1.414214
183 182 1.000000
183 184 1.000000
183 203 1.414214
183 204 1.000000
183 205 1.414214
184 162 1.414214
184 163 1.000000
184 164 1.414214
184 183 1.000000
184 185 1.000000
184 204 1.414214
184 205 1.000000
184 206 1.414214
185 163 1.414214
185 164 1.000000
185 165 1.414214
185 184 1.000000
185 186 1.000000
185 205 1.414214
185 206 1.000000
185 207 1.414214
186 164 1.414214
186 165 1.000000
186 166 1.414214
186 185 1.000000
186 187 1.000000
186 206 1.414214
186 207 1.000000
186 208 1.414214
187 165 1.414214
187 166 1.000000
187 167 1.414214
187 186 1.000000
187 188 1.000000
187 207 1.414214
187 208 1.000000
187 209 1.414214
188 166 1.414214
188 167 1.000000
188 168 1.414214
188 187 1.000000
188 189 1.000000
188 208 1.414214
188 209 1.000000
188 210 1.414214
189 167 1.414214
189 168 1.000000
189 169 1.414214
189 188 1.000000
189 190 1.000000
189 209 1.414214
189 210 1.000000
189 211 1.414214
190 168 1.414214
190 169 1.000000
190 170 1.414214
190 189 1.000000
190 191 1.000000
190 210 1.414214
190 211 1.000000
190 212 1.414214
191 169 1.414214
191 170 1.000000
191 171 1.414214
191 190 1.000000
191 192 1.000000
191 211 1.414214
191 212 1.000000
191 213 1.414214
192 170 1.414214
192 171 1.000000
192 172 1.414214
192 191 1.000000
192 193 1.000000
192 212 1.414214
192 213 1.000000
192 214 1.414214
193 171 1.414214
193 172 1.000000
193 173 1.414214
193 192 1.000000
193 194 1.000000
193 213 1.414214
193 214 1.000000
193 215 1.414214
194 172 1.414214
194 173 1.000000
194 174 1.414214
194 193 1.000000
194 195 1.000000
194 214 1.414214
194 215 1.000000
194 216 1.414214
195 173 1.414214
195 174 1.000000
195 175 1.414214
195 194 1.000000
195 196 1.000000
195 215 1.414214
195 216 1.000000
195 217 1.414214
196 174 1.414214
196 175 1.000000
196 176 1.414214
196 195 1.000000
196 197 1.000000
196 216 1.414214
196 217 1.000000
196 218 1.414214
197 175 1.414214
197 176 1.000000
197 177 1.414214
197 196 1.000000
197 198 1.000000
197 217 1.414214
197 218 1.000000
197 219 1.414214
198 176 1.414214
198 177 1.000000
198 178 1.414214
198 197 1.000000
198 199 1.000000
198 218 1.414214
198 219 1.000000
198 220 1.414214
199 177 1.414214
199 178 1.000000
199 179 1.414214
199 198 1.000000
199 200 1.000000
199 219 1.414214
199 220 1.000000
199 221 1.414214
200 178 1.414214
200 179 1.000000
200 180 1.414214
200 199 1.000000
200 201 1.000000
200 220 1.414214
200 221 1.000000
200 222 1.414214
201 179 1.414214
201 180 1.000000
201 200 1.000000
201 221 1.414214
201 222 1.000000
202 181 1.000000
202 182 1.414214
202 203 1.000000
202 223 1.000000
202 224 1.414214
203 181 1.414214
203 182 1.000000
203 183 1.414214
203 202 1.000000
203 204 1.000000
203 223 1.414214
203 224 1.000000
203 225 1.414214
204 182 1.414214
204 183 1.000000
204 184 1.414214
204 203 1.000000
204 205 1.000000
204 224 1.414214
204 225 1.000000
204 226 1.414214
205 183 1.414214
205 184 1.000000
205 185 1.414214
205 204 1.000000
205 206 1.000000
205 225 1.414214
205 226 1.000000
205 227 1.414214
206 184 1.414214
206 185 1.000000
206 186 1.414214
206 205 1.000000
206 207 1.000000
206 226 1.414214
206 227 1.000000
206 228 1.414214
207 185 1.414214
207 186 1.000000
207 187 1.414214
207 206 1.000000
207 208 1.000000
207 227 1.414214
207 228 1.000000
207 229 1.414214
208 186 1.414214
208 187 1.000000
208 188 1.414214
208 207 1.000000
208 209 1.000000
208 228 1.414214
208 229 1.000000
208 230 1.414214
209 187 1.414214
209 188 1.000000
209 189 1.414214
209 208 1.000000
209 210 1.000000
209 229 1.414214
209 230 1.000000
209 231 1.414214
210 188 1.414214
210 189 1.000000
210 190 1.414214
210 209 1.000000
210 211 1.000000
210 230 1.414214
210 231 1.000000
210 232 1.414214
211 189 1.414214
211 190 1.000000
211 191 1.414214
211 210 1.000000
211 212 1.000000
211 231 1.414214
211 232 1.000000
211 233 1.414214
212 190 1.414214
212 191 1.000000
212 192 1.414214
212 211 1.000000
212 213 1.000000
212 232 1.414214
212 233 1.000000
212 234 1.414214
213 191 1.414214
213 192 1.000000
213 193 1.414214
213 212 1.000000
213 214 1.000000
213 233 1.414214
213 234 1.000000
213 235 1.414214
214 192 1.414214
214 193 1.000000
214 194 1.414214
214 213 1.000000
214 215 1.000000
214 234 1.414214
214 235 1.000000
214 236 1.414214
215 193 1.414214
215 194 1.000000
215 195 1.414214
215 214 1.000000
215 216 1.000000
215 235 1.414214
215 236 1.000000
215 237 1.414214
216 194 1.414214
216 195 1.000000
216 196 1.414214
216 215 1.000000
216 217 1.000000
216 236 1.414214
216 237 1.000000
217 195 1.414214
217 196 1.000000
217 197 1.414214
217 216 1.000000
217 218 1.000000
217 237 1.414214
218 196 1.414214
218 197 1.000000
218 198 1.414214
218 217 1.000000
218 219 1.000000
218 238 1.414214
219 197 1.414214
219 198 1.000000
219 199 1.414214
219 218 1.000000
219 220 1.000000
219 238 1.000000
219 239 1.414214
220 198 1.414214
220 199 1.000000
220 200 1.414214
220 219 1.000000
220 221 1.000000
220 238 1.414214
220 239 1.000000
220 240 1.414214
221 199 1.414214
221 200 1.000000
221 201 1.414214
221 220 1.000000
221 222 1.000000
221 239 1.414214
221 240 1.000000
221 241 1.414214
222 200 1.414214
222 201 1.000000
222 221 1.000000
222 240 1.414214
222 241 1.000000
223 202 1.000000
223 203 1.414214
223 224 1.000000
223 242 1.000000
223 243 1.414214
224 202 1.414214
224 203 1.000000
224 204 1.414214
224 223 1.000000
224 225 1.000000
224 242 1.414214
224 243 1.000000
225 203 1.414214
225 204 1.000000
225 205 1.414214
225 224 1.000000
225 226 1.000000
225 243 1.414214
226 204 1.414214
226 205 1.000000
226 206 1.414214
226 225 1.000000
226 227 1.000000
227 205 1.414214
227 206 1.000000
227 207 1.414214
227 226 1.000000
227 228 1.000000
228 206 1.414214
228 207 1.000000
228 208 1.414214
228 227 1.000000
228 229 1.000000
229 207 1.414214
229 208 1.000000
229 209 1.414214
229 228 1.000000
229 230 1.000000
230 208 1.414214
230 209 1.000000
230 210 1.414214
230 229 1.000000
230 231 1.000000
231 209 1.414214
231 210 1.000000
231 211 1.414214
231 230 1.000000
231 232 1.000000
232 210 1.414214
232 211 1.000000
232 212 1.414214
232 231 1.000000
232 233 1.000000
233 211 1.414214
233 212 1.000000
233 213 1.414214
233 232 1.000000
233 234 1.000000
234 212 1.414214
234 213 1.000000
234 214 1.414214
234 233 1.000000
234 235 1.000000
235 213 1.414214
235 214 1.000000
235 215 1.414214
235 234 1.000000
235 236 1.000000
236 214 1.414214
236 215 1.000000
236 216 1.414214
236 235 1.000000
236 237 1.000000
237 215 1.414214
237 216 1.000000
237 217 1.414214
237 236 1.000000
238 218 1.414214
238 219 1.000000
238 220 1.414214
238 239 1.000000
238 244 1.000000
238 245 1.414214
239 219 1.414214
239 220 1.000000
239 221 1.414214
239 238 1.000000
239 240 1.000000
239 244 1.414214
239 245 1.000000
239 246 1.414214
240 220 1.414214
240 221 1.000000
240 222 1.414214
240 239 1.000000
240 241 1.000000
240 245 1.414214
240 246 1.000000
240 247 1.414214
241 221 1.414214
241 222 1.000000
241 240 1.000000
241 246 1.414214
241 247 1.000000
242 223 1.000000
242 224 1.414214
242 243 1.000000
242 248 1.000000
242 249 1.414214
243 223 1.414214
243 224 1.000000
243 225 1.414214
243 242 1.000000
243 248 1.414214
243 249 1.000000
244 238 1.000000
244 239 1.414214
244 245 1.000000
244 250 1.000000
244 251 1.414214
245 238 1.414214
245 239 1.000000
245 240 1.414214
245 244 1.000000
245 246 1.000000
245 250 1.414214
245 251 1.000000
245 252 1.414214
246 239 1.414214
246 240 1.000000
246 241 1.414214
246 245 1.000000
246 247 1.000000
246 251 1.414214
246 252 1.000000
246 253 1.414214
247 240 1.414214
247 241 1.000000
247 246 1.000000
247 252 1.414214
247 253 1.000000
248 242 1.000000
248 243 1.414214
248 249 1.000000
248 254 1.000000
248 255 1.414214
249 242 1.414214
249 243 1.000000
249 248 1.000000
249 254 1.414214
249 255 1.000000
249 256 1.414214
250 244 1.000000
250 245 1.414214
250 251 1.000000
250 270 1.414214
250 271 1.000000
250 272 1.414214
251 244 1.414214
251 245 1.000000
251 246 1.414214
251 250 1.000000
251 252 1.000000
251 271 1.414214
251 272 1.000000
251 273 1.414214
252 245 1.414214
252 246 1.000000
252 247 1.414214
252 251 1.000000
252 253 1.000000
252 272 1.414214
252 273 1.000000
252 274 1.414214
253 246 1.414214
253 247 1.000000
253 252 1.000000
253 273 1.414214
253 274 1.000000
254 248 1.000000
254 249 1.414214
254 255 1.000000
254 275 1.000000
254 276 1.414214
255 248 1.414214
255 249 1.000000
255 254 1.000000
255 256 1.000000
255 275 1.414214
255 276 1.000000
255 277 1.414214
256 249 1.414214
256 255 1.000000
256 257 1.000000
256 276 1.414214
256 277 1.000000
256 278 1.414214
257 256 1.000000
257 258 1.000000
257 277 1.414214
257 278 1.000000
257 279 1.414214
258 257 1.000000
258 259 1.000000
258 278 1.414214
258 279 1.000000
258 280 1.414214
259 258 1.000000
259 260 1.000000
259 279 1.414214
259 280 1.000000
259 281 1.414214
260 259 1.000000
260 261 1.000000
260 280 1.414214
260 281 1.000000
260 282 1.414214
261 260 1.000000
261 262 1.000000
261 281 1.414214
261 282 1.000000
261 283 1.414214
262 261 1.000000
262 263 1.000000
262 282 1.414214
262 283 1.000000
262 284 1.414214
263 262 1.000000
263 264 1.000000
263 283 1.414214
263 284 1.000000
263 285 1.414214
264 263 1.000000
264 265 1.000000
264 284 1.414214
264 285 1.000000
264 286 1.414214
265 264 1.000000
265 266 1.000000
265 285 1.414214
265 286 1.000000
265 287 1.414214
266 265 1.000000
266 267 1.000000
266 286 1.414214
266 287 1.000000
266 288 1.414214
267 266 1.000000
267 268 1.000000
267 287 1.414214
267 288 1.000000
267 289 1.414214
268 267 1.000000
268 269 1.000000
268 288 1.414214
268 289 1.000000
268 290 1.414214
269 268 1.000000
269 270 1.000000
269 289 1.414214
269 290 1.000000
269 291 1.414214
270 250 1.414214
270 269 1.000000
270 271 1.000000
270 290 1.414214
270 291 1.000000
270 292 1.414214
271 250 1.000000
271 251 1.414214
271 270 1.000000
271 272 1.000000
271 291 1.414214
271 292 1.000000
271 293 1.414214
272 250 1.414214
272 251 1.000000
272 252 1.414214
272 271 1.000000
272 273 1.000000
272 292 1.414214
272 293 1.000000
272 294 1.414214
273 251 1.414214
273 252 1.000000
273 253 1.414214
273 272 1.000000
273 274 1.000000
273 293 1.414214
273 294 1.000000
273 295 1.414214
274 252 1.414214
274 253 1.000000
274 273 1.000000
274 294 1.414214
274 295 1.000000
275 254 1.000000
275 255 1.414214
275 276 1.000000
275 296 1.000000
275 297 1.414214
276 254 1.414214
276 255 1.000000
276 256 1.414214
276 275 1.000000
276 277 1.000000
276 296 1.414214
276 297 1.000000
276 298 1.414214
277 255 1.414214
277 256 1.000000
277 257 1.414214
277 276 1.000000
277 278 1.000000
277 297 1.414214
277 298 1.000000
277 299 1.414214
278 256 1.414214
278 257 1.000000
278 258 1.414214
278 277 1.000000
278 279 1.000000
278 298 1.414214
278 299 1.000000
278 300 1.414214
279 257 1.414214
279 258 1.000000
279 259 1.414214
279 278 1.000000
279 280 1.000000
279 299 1.414214
279 300 1.000000
279 301 1.414214
280 258 1.414214
280 259 1.000000
280 260 1.414214
280 279 1.000000
280 281 1.000000
280 300 1.414214
280 301 1.000000
280 302 1.414214
281 259 1.414214
281 260 1.000000
281 261 1.414214
281 280 1.000000
281 282 1.000000
281 301 1.414214
281 302 1.000000
281 303 1.414214
282 260 1.414214
282 261 1.000000
282 262 1.414214
282 281 1.000000
282 283 1.000000
282 302 1.414214
282 303 1.000000
282 304 1.414214
283 261 1.414214
283 262 1.000000
283 263 1.414214
283 282 1.000000
283 284 1.000000
283 303 1.414214
283 304 1.000000
283 305 1.414214
284 262 1.414214
284 263 1.000000
284 264 1.414214
284 283 1.000000
284 285 1.000000
284 304 1.414214
284 305 1.000000
284 306 1.414214
285 263 1.414214
285 264 1.000000
285 265 1.414214
285 284 1.000000
285 286 1.000000
285 305 1.414214
285 306 1.000000
285 307 1.414214
286 264 1.414214
286 265 1.000000
286 266 1.414214
286 285 1.000000
286 287 1.000000
286 306 1.414214
286 307 1.000000
286 308 1.414214
287 265 1.414214
287 266 1.000000
287 267 1.414214
287 286 1.000000
287 288 1.000000
287 307 1.414214
287 308 1.000000
287 309 1.414214
288 266 1.414214
288 267 1.000000
288 268 1.414214
288 287 1.000000
288 289 1.000000
288 308 1.414214
288 309 1.000000
288 310 1.414214
289 267 1.414214
289 268 1.000000
289 269 1.414214
289 288 1.000000
289 290 1.000000
289 309 1.414214
289 310 1.000000
289 311 1.414214
290 268 1.414214
290 269 1.000000
290 270 1.414214
290 289 1.000000
290 291 1.000000
290 310 1.414214
290 311 1.000000
290 312 1.414214
291 269 1.414214
291 270 1.000000
291 271 1.414214
291 290 1.000000
291 292 1.000000
291 311 1.414214
291 312 1.000000
291 313 1.414214
292 270 1.414214
292 271 1.000000
292 272 1.414214
292 291 1.000000
292 293 1.000000
292 312 1.414214
292 313 1.000000
292 314 1.414214
293 271 1.414214
293 272 1.000000
293 273 1.414214
293 292 1.000000
293 294 1.000000
293 313 1.414214
293 314 1.000000
293 315 1.414214
294 272 1.414214
294 273 1.000000
294 274 1.414214
294 293 1.000000
294 295 1.000000
294 314 1.414214
294 315 1.000000
294 316 1.414214
295 273 1.414214
295 274 1.000000
295 294 1.000000
295 315 1.414214
295 316 1.000000
296 275 1.000000
296 276 1.414214
296 297 1.000000
296 317 1.000000
296 318 1.414214
297 275 1.414214
297 276 1.000000
297 277 1.414214
297 296 1.000000
297 298 1.000000
297 317 1.414214
297 318 1.000000
297 319 1.414214
298 276 1.414214
298 277 1.000000
298 278 1.414214
298 297 1.000000
298 299 1.000000
298 318 1.414214
298 319 1.000000
298 320 1.414214
299 277 1.414214
299 278 1.000000
299 279 1.414214
299 298 1.000000
299 300 1.000000
299 319 1.414214
299 320 1.000000
299 321 1.414214
300 278 1.414214
300 279 1.000000
300 280 1.414214
300 299 1.000000
300 301 1.000000
300 320 1.414214
300 321 1.000000
300 322 1.414214
301 279 1.414214
301 280 1.000000
301 281 1.414214
301 300 1.000000
301 302 1.000000
301 321 1.414214
301 322 1.000000
301 323 1.414214
302 280 1.414214
302 281 1.000000
302 282 1.414214
302 301 1.000000
302 303 1.000000
302 322 1.414214
302 323 1.000000
302 324 1.414214
303 281 1.414214
303 282 1.000000
303 283 1.414214
303 302 1.000000
303 304 1.000000
303 323 1.414214
303 324 1.000000
303 325 1.414214
304 282 1.414214
304 283 1.000000
304 284 1.414214
304 303 1.000000
304 305 1.000000
304 324 1.414214
304 325 1.000000
304 326 1.414214
305 283 1.414214
305 284 1.000000
305 285 1.414214
305 304 1.000000
305 306 1.000000
305 325 1.414214
305 326 1.000000
305 327 1.414214
306 284 1.414214
306 285 1.000000
306 286 1.414214
306 305 1.000000
306 307 1.000000
306 326 1.414214
306 327 1.000000
306 328 1.414214
307 285 1.414214
307 286 1.000000
307 287 1.414214
307 306 1.000000
307 308 1.000000
307 327 1.414214
307 328 1.000000
307 329 1.414214
308 286 1.414214
308 287 1.000000
308 288 1.414214
308 307 1.000000
308 309 1.000000
308 328 1.414214
308 329 1.000000
308 330 1.414214
309 287 1.414214
309 288 1.000000
309 289 1.414214
309 308 1.000000
309 310 1.000000
309 329 1.414214
309 330 1.000000
309 331 1.414214
310 288 1.414214
310 289 1.000000
310 290 1.414214
310 309 1.000000
310 311 1.000000
310 330 1.414214
310 331 1.000000
310 332 1.414214
311 289 1.414214
311 290 1.000000
311 291 1.414214
311 310 1.000000
311 312 1.000000
311 331 1.414214
311 332 1.000000
311 333 1.414214
312 290 1.414214
312 291 1.000000
312 292 1.414214
312 311 1.000000
312 313 1.000000
312 332 1.414214
312 333 1.000000
312 334 1.414214
313 291 1.414214
313 292 1.000000
313 293 1.414214
313 312 1.000000
313 314 1.000000
313 333 1.414214
313 334 1.000000
313 335 1.414214
314 292 1.414214
314 293 1.000000
314 294 1.414214
314 313 1.000000
314 315 1.000000
314 334 1.414214
314 335 1.000000
314 336 1.414214
315 293 1.414214
315 294 1.000000
315 295 1.414214
315 314 1.000000
315 316 1.000000
315 335 1.414214
315 336 1.000000
315 337 1.414214
316 294 1.414214
316 295 1.000000
316 315 1.000000
316 336 1.414214
316 337 1.000000
317 296 1.000000
317 297 1.414214
317 318 1.000000
317 338 1.000000
317 339 1.414214
318 296 1.414214
318 297 1.000000
318 298 1.414214
318 317 1.000000
318 319 1.000000
318 338 1.414214
318 339 1.000000
318 340 1.414214
319 297 1.414214
319 298 1.000000
319 299 1.414214
319 318 1.000000
319 320 1.000000
319 339 1.414214
319 340 1.000000
319 341 1.414214
320 298 1.414214
320 299 1.000000
320 300 1.414214
320 319 1.000000
320 321 1.000000
320 340 1.414214
320 341 1.000000
320 342 1.414214
321 299 1.414214
321 300 1.000000
321 301 1.414214
321 320 1.000000
321 322 1.000000
321 341 1.414214
321 342 1.000000
321 343 1.414214
322 300 1.414214
322 301 1.000000
322 302 1.414214
322 321 1.000000
322 323 1.000000
322 342 1.414214
322 343 1.000000
322 344 1.414214
323 301 1.414214
323 302 1.000000
323 303 1.414214
323 322 1.000000
323 324 1.000000
323 343 1.414214
323 344 1.000000
323 345 1.414214
324 302 1.414214
324 303 1.000000
324 304 1.414214
324 323 1.000000
324 325 1.000000
324 344 1.414214
324 345 1.000000
324 346 1.414214
325 303 1.414214
325 304 1.000000
325 305 1.414214
325 324 1.000000
325 326 1.000000
325 345 1.414214
325 346 1.000000
325 347 1.414214
326 304 1.414214
326 305 1.000000
326 306 1.414214
326 325 1.000000
326 327 1.000000
326 346 1.414214
326 347 1.000000
326 348 1.414214
327 305 1.414214
327 306 1.000000
327 307 1.414214
327 326 1.000000
327 328 1.000000
327 347 1.414214
327 348 1.000000
327 349 1.414214
328 306 1.414214
328 307 1.000000
328 308 1.414214
328 327 1.000000
328 329 1.000000
328 348 1.414214
328 349 1.000000
328 350 1.414214
329 307 1.414214
329 308 1.000000
329 309 1.414214
329 328 1.000000
329 330 1.000000
329 349 1.414214
329 350 1.000000
329 351 1.414214
330 308 1.414214
330 309 1.000000
330 310 1.414214
330 329 1.000000
330 331 1.000000
330 350 1.414214
330 351 1.000000
330 352 1.414214
331 309 1.414214
331 310 1.000000
331 311 1.414214
331 330 1.000000
331 332 1.000000
331 351 1.414214
331 352 1.000000
331 353 1.414214
332 310 1.414214
332 311 1.000000
332 312 1.414214
332 331 1.000000
332 333 1.000000
332 352 1.414214
332 353 1.000000
332 354 1.414214
333 311 1.414214
333 312 1.000000
333 313 1.414214
333 332 1.000000
333 334 1.000000
333 353 1.414214
333 354 1.000000
333 355 1.414214
334 312 1.414214
334 313 1.000000
334 314 1.414214
334 333 1.000000
334 335 1.000000
334 354 1.414214
334 355 1.000000
334 356 1.414214
335 313 1.414214
335 314 1.000000
335 315 1.414214
335 334 1.000000
335 336 1.000000
335 355 1.414214
335 356 1.000000
335 357 1.414214
336 314 1.414214
336 315 1.000000
336 316 1.414214
336 335 1.000000
336 337 1.000000
336 356 1.414214
336 357 1.000000
336 358 1.414214
337 315 1.414214
337 316 1.000000
337 336 1.000000
337 357 1.414214
337 358 1.000000
338 317 1.000000
338 318 1.414214
338 339 1.000000
338 359 1.000000
338 360 1.414214
339 317 1.414214
339 318 1.000000
339 319 1.414214
339 338 1.000000
339 340 1.000000
339 359 1.414214
339 360 1.000000
339 361 1.414214
340 318 1.414214
340 319 1.000000
340 320 1.414214
340 339 1.000000
340 341 1.000000
340 360 1.414214
340 361 1.000000
340 362 1.414214
341 319 1.414214
341 320 1.000000
341 321 1.414214
341 340 1.000000
341 342 1.000000
341 361 1.414214
341 362 1.000000
341 363 1.414214
342 320 1.414214
342 321 1.000000
342 322 1.414214
342 341 1.000000
342 343 1.000000
342 362 1.414214
342 363 1.000000
342 364 1.414214
343 321 1.414214
343 322 1.000000
343 323 1.414214
343 342 1.000000
343 344 1.000000
343 363 1.414214
343 364 1.000000
343 365 1.414214
344 322 1.414214
344 323 1.000000
344 324 1.414214
344 343 1.000000
344 345 1.000000
344 364 1.414214
344 365 1.000000
344 366 1.414214
345 323 1.414214
345 324 1.000000
345 325 1.414214
345 344 1.000000
345 346 1.000000
345 365 1.414214
345 366 1.000000
345 367 1.414214
346 324 1.414214
346 325 1.000000
346 326 1.414214
346 345 1.000000
346 347 1.000000
346 366 1.414214
346 367 1.000000
346 368 1.414214
347 325 1.414214
347 326 1.000000
347 327 1.414214
347 346 1.000000
347 348 1.000000
347 367 1.414214
347 368 1.000000
347 369 1.414214
348 326 1.414214
348 327 1.000000
348 328 1.414214
348 347 1.000000
348 349 1.000000
348 368 1.414214
348 369 1.000000
348 370 1.414214
349 327 1.414214
349 328 1.000000
349 329 1.414214
349 348 1.000000
349 350 1.000000
349 369 1.414214
349 370 1.000000
349 371 1.414214
350 328 1.414214
350 329 1.000000
350 330 1.414214
350 349 1.000000
350 351 1.000000
350 370 1.414214
350 371 1.000000
350 372 1.414214
351 329 1.414214
351 330 1.000000
351 331 1.414214
351 350 1.000000
351 352 1.000000
351 371 1.414214
351 372 1.000000
351 373 1.414214
352 330 1.414214
352 331 1.000000
352 332 1.414214
352 351 1.000000
352 353 1.000000
352 372 1.414214
352 373 1.000000
352 374 1.414214
353 331 1.414214
353 332 1.000000
353 333 1.414214
353 352 1.000000
353 354 1.000000
353 373 1.414214
353 374 1.000000
353 375 1.414214
354 332 1.414214
354 333 1.000000
354 334 1.414214
354 353 1.000000
354 355 1.000000
354 374 1.414214
354 375 1.000000
354 376 1.414214
355 333 1.414214
355 334 1.000000
355 335 1.414214
355 354 1.000000
355 356 1.000000
355 375 1.414214
355 376 1.000000
355 377 1.414214
356 334 1.414214
356 335 1.000000
356 336 1.414214
356 355 1.000000
356 357 1.000000
356 376 1.414214
356 377 1.000000
356 378 1.414214
357 335 1.414214
357 336 1.000000
357 337 1.414214
357 356 1.000000
357 358 1.000000
357 377 1.414214
357 378 1.000000
357 379 1.414214
358 336 1.414214
358 337 1.000000
358 357 1.000000
358 378 1.414214
358 379 1.000000
359 338 1.000000
359 339 1.414214
359 360 1.000000
360 338 1.414214
360 339 1.000000
360 340 1.414214
360 359 1.000000
360 361 1.000000
361 339 1.414214
361 340 1.000000
361 341 1.414214
361 360 1.000000
361 362 1.000000
362 340 1.414214
362 341 1.000000
362 342 1.414214
362 361 1.000000
362 363 1.000000
363 341 1.414214
363 342 1.000000
363 343 1.414214
363 362 1.000000
363 364 1.000000
364 342 1.414214
364 343 1.000000
364 344 1.414214
364 363 1.000000
364 365 1.000000
365 343 1.414214
365 344 1.000000
365 345 1.414214
365 364 1.000000
365 366 1.000000
366 344 1.414214
366 345 1.000000
366 346 1.414214
366 365 1.000000
366 367 1.000000
367 345 1.414214
367 346 1.000000
367 347 1.414214
367 366 1.000000
367 368 1.000000
368 346 1.414214
368 347 1.000000
368 348 1.414214
368 367 1.000000
368 369 1.000000
369 347 1.414214
369 348 1.000000
369 349 1.414214
369 368 1.000000
369 370 1.000000
370 348 1.414214
370 349 1.000000
370 350 1.414214
370 369 1.000000
370 371 1.000000
371 349 1.414214
371 350 1.000000
371 351 1.414214
371 370 1.000000
371 372 1.000000
372 350 1.414214
372 351 1.000000
372 352 1.414214
372 371 1.000000
372 373 1.000000
373 351 1.414214
373 352 1.000000
373 353 1.414214
373 372 1.000000
373 374 1.000000
374 352 1.414214
374 353 1.000000
374 354 1.414214
374 373 1.000000
374 375 1.000000
375 353 1.414214
375 354 1.000000
375 355 1.414214
375 374 1.000000
375 376 1.000000
376 354 1.414214
376 355 1.000000
376 356 1.414214
376 375 1.000000
376 377 1.000000
377 355 1.414214
377 356 1.000000
377 357 1.414214
377 376 1.000000
377 378 1.000000
378 356 1.414214
378 357 1.000000
378 358 1.414214
378 377 1.000000
378 379 1.000000
379 357 1.414214
379 358 1.000000
379 378 1.000000
